4294967278,14
4294967278,13
4294967278,12
4294967278,11
4294967278,10
4294967278,9
4294967278,8
4294967278,7
4294967278,6
4294967278,5
4294967278,4
4294967279,132
4294967279,131
4294967279,130
4294967279,129
4294967279,128
4294967279,127
4294967279,126
4294967279,125
4294967279,124
4294967279,123
4294967279,122
4294967279,121
4294967279,120
4294967279,119
4294967279,118
4294967294,577
4294967294,447
4294967294,424
4294967294,428
4294967294,80
4294967294,1156
4294967294,1085
4294967294,1084
4294967294,1083
4294967294,1082
4294967294,1081
4294967294,1080
4294967294,1077
4294967294,1078
4294967294,1158
4294967294,1157
4294967294,1076
4294967294,1075
4294967294,1069
4294967294,1072
4294967294,1071
4294967294,1070
4294967294,1073
4294967294,1154
4294967294,1152
4294967294,1153
4294967294,1155
4294967294,391
4294967294,36
4294967294,39
4294967294,161
4294967294,185
4294967294,180
4294967294,176
4294967294,173
4294967294,170
4294967294,1159
4294967294,163
4294967294,190
4294967294,162
4294967294,1160
4294967294,455
4294967294,422
4294967294,416
4294967294,1281
4294967278,193
4294967278,18
4294967278,17
4294967278,16
4294967278,15
4294967278,192
6,4
4294967278,191
6,3
6,2
6,1
4294967278,312
4294967294,431
4294967278,190
4294967278,20
4294967278,19
4294967279,316
4294967278,189
4294967278,311
4294967279,315
4294967278,187
4294967278,24
4294967278,23
4294967278,22
4294967278,21
4294967279,314
4294967278,310
4294967294,61
4294967294,81
4294967294,14
4294967294,20
4294967294,13
4294967278,27
4294967278,26
4294967278,25
4294967278,309
4294967279,313
4294967278,184
4294967279,312
4294967278,308
4294967279,311
4294967278,182
4294967278,30
4294967278,29
4294967278,28
4294967279,310
4294967278,181
4294967278,307
4294967278,34
4294967278,33
4294967278,32
4294967278,31
4294967278,179
4294967279,309
4294967278,178
4294967278,38
4294967278,37
4294967278,36
4294967278,35
4294967279,22
4294967279,21
4294967279,20
4294967279,19
4294967279,18
4294967279,17
4294967279,16
4294967279,15
4294967279,14
4294967279,13
4294967279,12
5,4
4294967294,128
4294967294,186
4294967294,187
4294967294,76
4294967294,41
4294967279,308
4294967278,306
4294967279,307
4294967294,42
4294967294,421
4294967294,129
4294967294,157
4294967294,29
4294967294,53
4294967294,45
4294967294,44
4294967294,427
4294967278,305
4294967279,306
4294967278,304
4294967278,171
4294967278,170
5,5
4294967278,168
4294967294,96
4294967294,94
4294967278,169
5,3
5,2
5,1
4294967278,303
4294967294,8
0,7
4294967294,97
4294967294,419
4294967294,52
4294967294,12
4294967294,126
4294967294,158
4294967294,440
4294967294,86
4294967294,85
4294967294,159
4294967279,305
4294967294,17
4294967294,99
4294967294,1282
4294967294,9
4294967294,107
4294967294,67
4294967294,2
4294967294,0
4294967294,590
4294967294,1
4294967294,90
4294967294,88
4294967294,92
4294967294,91
4294967294,87
4294967294,84
4294967294,414
4294967294,28
4294967294,1086
4294967294,27
4294967294,1087
4294967294,26
4294967294,442
4294967279,304
4294967279,303
4294967278,302
4294967278,301
4294967279,302
4294967278,164
4294967279,301
4294967278,300
4294967278,299
4294967279,300
4294967278,161
4294967279,299
4294967278,298
4294967278,297
4294967278,158
4294967278,296
4294967279,298
4294967278,156
4294967279,297
4294967278,295
4294967278,154
4294967279,296
4294967278,294
4294967279,295
4294967278,293
4294967279,294
4294967278,292
4294967279,293
4294967278,291
4294967279,292
4294967279,291
4294967278,290
4294967278,289
4294967278,288
4294967294,1163
4294967279,290
4294967279,0
4294967294,50
4294967294,18
4294967294,22
4294967278,287
4294967278,260
4294967278,0
4294967294,6
4294967278,132
4294967278,131
4294967278,130
4294967278,129
4294967278,128
4294967278,127
4294967278,126
4294967278,125
4294967278,124
4294967278,123
4294967278,122
4294967278,121
4294967278,120
4294967278,119
4294967278,118
4294967278,117
4294967278,116
4294967278,115
4294967278,114
4294967278,113
4294967278,112
4294967278,111
